Qalqilia 0 13 46 0 0 0 0 0 0 0 0 0 0 0 0 0 0 0 0 0
Tulkarm 30 0 46 0 0 0 0 0 0 0 0 0 0 0 0 0 0 0 0 0
Ramallah 46 46 0 0 0 0 0 0 0 0 0 0 0 0 0 0 0 0 0 0
Gaza 105 100 90 0 0 0 0 0 0 0 0 0 0 0 0 0 0 0 0 0
Yafo 24 24 35 0 0 0 0 0 0 0 0 0 0 0 0 0 0 0 0 0
Haifa 70 57 85 0 0 0 0 0 0 0 0 0 0 0 0 0 0 0 0 0
Akko 82 68 100 0 0 0 0 0 0 0 0 0 0 0 0 0 0 0 0 0
Nahariyya 91 78 115 0 0 0 0 0 0 0 0 0 0 0 0 0 0 0 0 0
Karmiel 86 72 95 0 0 0 0 0 0 0 0 0 0 0 0 0 0 0 0 0
Tiberias 84 71 94 0 0 0 0 0 0 0 0 0 0 0 0 0 0 0 0 0
Nazareth 64 50 75 0 0 0 0 0 0 0 0 0 0 0 0 0 0 0 0 0
Jenin 45 42 60 0 0 0 0 0 0 0 0 0 0 0 0 0 0 0 0 0
Tubas 39 32 45 0 0 0 0 0 0 0 0 0 0 0 0 0 0 0 0 0
Nablus 30 20 25 0 0 0 0 0 0 0 0 0 0 0 0 0 0 0 0 0
Salfit 23 29 20 0 0 0 0 0 0 0 0 0 0 0 0 0 0 0 0 0
Jerico 59 79 25 0 0 0 0 0 0 0 0 0 0 0 0 0 0 0 0 0
Jerusalem 52 62 15 0 0 0 0 0 0 0 0 0 0 0 0 0 0 0 0 0
Bethlehem 58 65 21 0 0 0 0 0 0 0 0 0 0 0 0 0 0 0 0 0
Hebron 74 87 35 0 0 0 0 0 0 0 0 0 0 0 0 0 0 0 0 0
Bir-sabe 124 106 85 0 0 0 0 0 0 0 0 0 0 0 0 0 0 0 0 0